-0.9654120197389258	0.8385382325331184	-0.1608276638566409	2.8925360219924805	1.075665999461442	-2.2599828918685376	-0.4658402764873366	0.1637312598481534
-2.083108498481144	-3.898548586143672	0.2828411855132769	2.3066457236553006	0.7060399993123042	-0.4346015358247466	0.5227087506362462	0.646185414992194
-0.3889261207576501	-0.3954337443722416	-1.0454125940524863	0.1564489739102955	1.0977057209780017	-3.146394234234524	-0.0060154283376583	1.524852492685519
-3.630162500304931	-1.914426970919861	-1.2196925599385482	-0.7257616308989361	-0.5492649906192738	1.6862905969502746	-0.2196106216870797	0.3520503635665164
1.3066987655451685	2.74811305091981	-1.295588874444377	-0.5735089802882513	1.768306851155628	0.2179790502087774	1.2054581506898507	-1.6003597714719198
-3.1992747036419154	-1.180548676293245	1.345762132365164	-0.9519028890271868	0.1358585284876083	-1.0325272817558784	-1.59998911918757	0.7824303011995971
4.552484654607558	1.5260832599983702	-0.7214274656927007	-1.3288682433792194	3.2425929069487496	2.2254143894719847	0.3597699405072223	-1.47171475494781
NA	NA	NA	NA	NA	NA	NA	NA
-1.0949429709297245	1.1048156497014894	0.907242443338762	2.227223958545386	0.728512402427943	0.2215416471292903	-0.9117301928643352	0.5447540758674583
-2.2326488841172543	-0.8772131231302036	2.8275406105360985	0.1513173545227654	2.3172443152996336	-2.372936438362361	0.6134258759447596	1.718447946215452
0.8733612115131085	-0.4809318683956781	2.860760596509459	-1.3256991455035625	0.0246230833749373	0.2480722396212977	2.226045971140476	1.4546270016936538
0.3002331261980717	1.1096376852055625	-0.6992081854320086	0.8492899716528797	-0.7464348877132003	0.2557416141759765	3.4172774333015377	1.4050005781709316
0.1778555905583436	3.6519994937664513	-0.7599136655585579	-0.2267593439367618	1.7544795622307212	-0.7240670259822303	2.0951394102137044	-1.9254382036119848
2.649744285766695	2.0446433889693276	-1.9680591823427624	-1.5030264445972876	1.3145538677529585	-1.8489012146177264	1.3397014004193433	-0.760184475277557
1.513893034456602	-0.9120298431178508	-0.4364056425936716	-1.3892969583305317	3.4632062485566344	-0.2496001391696356	0.852801663499312	-0.4992753189979133
-2.193458656687278	2.4151423895105193	0.5827637552997708	-0.6405253168016958	0.7876039989051326	-0.5492000219950474	-2.392681300028599	-0.0118454534094272
-0.4096279663599605	2.2215254151658645	-0.7966913174426047	1.244912867191679	-0.7682728721090251	-0.9209455242656605	0.9996920444126256	-0.0210292743360995
-0.3325746814611605	4.384884250213825	1.2855649583945548	0.2397491040719211	-1.141226830739502	-0.1377235295809343	1.5563151953901055	-0.1145438285574129
-2.8750638341241004	-0.980511498718758	1.5161720682620945	1.277842776414814	2.0277361079456635	1.3778218141936076	-0.0319761056430992	-0.6039409899652967
-5.898480066643791	-1.2122394196332869	-1.3002846591515709	0.8606245250266439	1.777283476559759	-0.1623847473551975	0.0130563993634163	-0.2531858450956268
-2.7892813817780593	-0.9647947964596184	-1.310142224125025	0.1113425598668633	-0.7651355789662845	3.24074753749125	-0.1057360370485357	0.2780332340253452
-6.35126461834641	-0.7916377761289232	-0.202142941164598	1.736422393876205	1.4403941960514104	-1.2303719891856355	2.1636576593935137	0.5924414186648366
0.3593823324128998	1.0407473862902392	-0.3572696999306068	-2.0079875278174044	2.0337790625281436	0.9829048116916624	1.403217539153518	-1.5275792570475135
0.7681283480014259	0.8490182292576144	-0.9317184176937908	2.534325705433755	2.0991481519894277	-0.3917305532622812	-0.5202634501904875	-0.3240861058972273
3.6674883497433384	1.635401257424941	-1.7223328278661945	-2.694885814675316	0.575613464815792	0.2006355024512599	-0.8928189098153574	-1.6331971840977728
4.299563833046227	0.245719697964184	-0.1850959271390676	-1.820486099926834	2.796776497598041	1.6379208331229271	-0.7677926586065019	-1.1795921024364378
-3.5756496642469484	-1.2752591007953311	-1.9594702503447157	0.8015352502120258	-1.2846361731676663	0.8098165575437564	0.3484383462011347	-0.6706508357493752
-0.7379932716652998	-2.4994931285761335	-2.4000425870718893	3.28285349963798	0.763473331053372	-2.0506143489869686	-0.7659661818868058	-0.9493123178082408
0.9726160677911192	0.9560455387490158	0.5244843005175956	-1.9086852011765685	0.1350924577892976	1.2524580152902256	0.4744061809102341	0.9820900467405436
-1.9309394624522167	-0.2167291800505804	-1.9052864452861444	0.7568710333444106	0.1448846050008233	1.4708278890013342	-1.15567710627956	-0.7727891787945017
NA	NA	NA	NA	NA	NA	NA	NA
-2.925288683017634	-0.3846101382528193	-1.0187419974351504	-0.3675011268798768	1.5776725258658617	2.618906382094686	-0.0634784359193592	-0.9090560917597804
-0.2358652354256815	1.1952816207380512	1.9648199002130604	-1.7303966951307317	0.3561881790378791	0.2274336581121027	0.1387893386658421	-0.1461301855020797
-1.395882510568448	2.40950618866953	2.950807887173303	-1.5892302481847036	1.9005935597903192	2.0087745978072977	0.4445229394718614	0.8417689198937827
2.1228542339635657	-0.4386126118235107	0.3581486120363386	-2.045026051363054	1.4301334059246602	0.4088452362978581	1.6390725680578269	-0.2844031262438518
2.355267414960497	1.2354241601139575	0.1094860305683113	2.1180979008687215	0.4071216079393098	3.250424119380781	-1.4712946985464177	0.6785896776141499
3.171785841946515	1.3687301634685012	-3.270910225378716	1.666171079243934	2.5398990919357165	0.2845219813845228	0.1781544914589844	-1.3075118558965098
0.966342821206197	2.6464352229075137	-1.1029046379427745	1.6865834590603306	1.661817671677552	-1.6324760122777502	-0.4063143558783426	1.4417380413372922
-0.7322351693494024	0.06101025885581	0.4799155786578398	-0.8882092871982321	-0.8967611218279387	-0.6417245358928193	-0.2922787739580862	-0.1292679269416719
0.5644969561943424	-0.6502395176791738	-0.140119115881099	-2.3512256276265098	-1.75534779650039	0.9412894185914426	0.4521764051029203	0.0433551442131657
-5.32332915394848	-1.9428005058642788	0.9735337197580894	-0.3788595972246883	0.8287661358861975	-5.1171476680504355	-0.1143381259183642	-1.399033417633586
1.058516139364492	-1.0347622758594592	5.120199093486673	-5.53773182947404	0.4285862699076149	-0.5794638939177165	0.2756474077096392	2.703147987384309
1.1085347476814584	1.380300512798274	0.7525302931588456	0.0653102746228583	0.1660097630784313	-0.0405235873087091	0.4355088749740968	0.1914270140530538
2.1094538927476685	1.5004233860534095	-0.0505085531317947	0.554022675914225	0.2712472779952585	-1.2870782402367356	0.0476872676442057	-0.9520164924175972
-0.019026379155943	-1.2056447900875225	2.094744283931844	-1.1536432046301213	-1.9681648146584456	-0.8731917080114466	-0.8273818035276966	-0.8559909852944452
-0.7833644823954062	-0.3979857189964065	2.783991426238203	-2.0734357360697393	0.3159935968318051	1.1751009666270102	0.2962778458019263	-1.2050061786609352
-3.142621808414436	0.7801128359791633	3.824198485016973	-5.130972920714968	0.4249862524995751	-1.5896961958976017	-2.5704838533240113	0.2988998973500744
-1.4076972698184096	5.010862866782328	2.6407065516038584	0.4364251588076887	-1.1665983740656491	-1.388106046170179	-1.1410033322552755	0.555744765242514
0.3739859378390046	2.0254689933737877	2.5688279149940905	1.5401252957278226	-0.2220226545568136	-0.1115037773679215	-0.0099766207449441	-1.7769500016834134
-1.0432221001182904	0.2547421457168112	-1.703671952067805	0.3109035903056083	-0.4947293776463624	0.2828059000231566	-1.2223018341865166	0.7962085023314107
-3.6413413344870382	2.719818317236822	-2.6131726346453608	-1.6867740074243551	-2.3071872960852193	-0.7136027646976414	-0.2547049079762315	-0.6138235565597677
-2.9605066790814547	-2.232670161178269	-1.547090729261188	-3.757088601881591	-0.5025816678799251	-3.890255251776221	0.1217462666888159	2.2514211843393466
1.7965892142765951	-1.061733514618147	1.050093508180766	-1.9000096330677496	-0.48270830507486	-1.2230786125152733	-0.3772022029513524	0.9433110872660868
-1.269841017857459	1.6158578419709704	-0.0473140856201105	0.0098637960256064	0.8605607874957474	0.5206658266790248	2.366545112935841	-0.9192985841434016
-0.3539154497642208	-1.7786877339950649	2.036334863724514	-3.143467204164567	-1.8403731274287425	0.0029063072353502	1.100358038896343	-0.1980511598684049
2.515750434632515	-3.676896528773305	0.6285330048085498	-1.4655057659127677	-1.088295002647815	-0.7236752680514075	0.3621315362657568	0.1043735036865706
-1.5992272145946849	-0.4697563754785778	1.6076220690693384	0.8654428735589368	-1.634433788939562	0.5264192443590145	1.9518670977779715	-2.8463233808636135
3.667608423413974	-2.4852353718730904	-1.4809767153495723	0.532780460538004	-0.6943004252975055	-1.3269431074354328	3.823627888479115	2.084265495848
-2.8318954606808058	-2.484316521292676	-2.2836107268830887	-0.149822675139043	-1.9235771853634416	0.8838824806716548	0.1102696129314677	0.8856373328764106
0.3236727510944494	-1.3525308704347854	-0.1344929964714662	-0.3822657586997426	-0.9267956513393156	-2.3893709166230273	-0.4206348998185963	0.786364070064877
7.053986833443769	-1.655265214130016	0.6166394115019045	2.075908307424521	-0.181254871661582	-0.8848711568562085	-1.179813492544168	1.070821990735074
7.522687181457002	-6.54628013309655	-2.585739873765446	0.8029133240225617	-1.1329577519609295	-3.549737581851316	-2.668821211568796	-2.1351023286128803
5.630874703867366	0.790303533394342	-1.08751503622786	1.07255693594103	0.9462421541702049	0.51812910764521	-0.6619749946737643	1.376265775843651
5.457512611670413	-5.493102521109469	-2.174271860377294	-0.4142788228770927	-1.6434494785676694	-3.5796625706140266	-1.004402639400505	-2.573941778154923
-0.6876459818172355	-0.8489705123234368	0.5744418685690766	-1.8102716033852744	0.0078997288840714	1.6045110045931734	0.481738026141587	-0.4860281724315223
-2.0359006809350064	-1.558864214380761	-2.907271938432459	-2.603452069075343	0.1347229848828741	-0.4743447470016095	-0.2383510491932786	0.2266472318274391
-1.5730538707010755	0.6937680171685937	-1.3998757069337149	-2.52719514444797	-1.3577030043903682	1.829328173797886	0.2705599279906593	0.0566083096259314
-3.448762615767545	0.3125576888088833	1.7992110107793382	-1.8813950074933323	3.1009278711149	0.06388481746651	-0.5388109400175822	-0.5340909921354412
NA	NA	NA	NA	NA	NA	NA	NA
1.5612913632181489	0.3284604129686464	1.2744783865419549	-1.4685234503515614	-1.1393367849252731	-0.7754250634691983	0.9106635576176724	2.604285877705409
-4.848649196607085	0.9235696240325802	2.198981707872764	3.3925714636459383	0.3866079091096708	-1.3088612763667986	-0.2315359367096016	-1.2861299083332636
0.922141135023452	-3.736536326090499	0.2858669753219645	-0.1108056234848169	4.037877900796256	-4.185372540926348	1.5858608625825663	-1.9996693843980933
1.0438702404713855	-2.0345480334177815	1.4805970305175216	2.519960201734749	-2.184942677153543	0.3456870771493124	-0.1355161126452934	-0.8781413150909843
-1.6880570229326637	-0.6778909443059496	-1.986130197642644	-2.170292615893638	0.2699929117056427	0.0605874578426461	0.0902587651779021	0.2556064700245194
1.5430819046813231	-0.1801236877295239	3.7125351784178617	-0.5817928357657177	4.033280744099022	-0.2972478193020283	-2.0451535482075913	2.608186555466774
0.3927486723202459	-0.2496808758819592	3.81334661431602	-0.1567555999207866	4.846546195528846	-1.1621012258499004	-0.0845000114520901	1.0258845381734414
0.858117000232814	0.7721029796461827	3.984921072399524	-0.4886301694512707	4.549637908098727	-1.4462205372399204	-0.7075583147336093	0.4440050168263283
2.528264313326357	1.7438323723232865	-0.6421539553674344	-4.242930618402186	-1.3345942175244598	0.2542362717596318	0.7809752443757197	0.6826614448470817
2.087006612963947	4.386219129979669	-2.38610002324119	-1.3471398035111852	-0.6378712837391693	0.2286825432981846	0.31359554406273	-2.285422227005105
-1.955709956416701	-1.51164188313425	-1.728149050396697	-0.3438279883719218	1.357520608063396	1.488313223845768	-0.1046339857767651	-0.3228763943895775
NA	NA	NA	NA	NA	NA	NA	NA
3.3955794767401515	-1.8740018871379391	0.4687907626027734	-0.3200304514322348	-0.7983542881248916	0.5127913457062054	-0.3652859523320077	-0.2952661833736369
4.694185010503679	2.821265361120625	-0.5896767903181164	-0.1905951796507966	-1.673682499854523	-0.1374529593344337	1.6073645695522736	-2.018768507122005
5.302097730084785	0.1214198876152589	1.7695188294584996	0.7922992282657203	2.0115617103235324	2.020933655727216	-1.4517941927466	-0.3938783402651422
-1.7035753330571437	0.8750885648943151	-2.0882137752641876	1.8832828872883591	-1.330453387152704	-0.8681453648247939	2.3266762874573956	-0.1508180439041865
4.361338372060407	1.1022909979245663	-1.5540268320854704	-0.6355838477278717	-0.1572974849568657	-1.8292216706760984	1.279947651345549	-0.052388025232519
5.10429218947891	1.910452029167655	-1.738484020205974	-0.9002236311637399	0.2701079750502164	-1.9071975901161464	0.0326323481366129	1.3668975926350102
2.8496312335960954	0.6028916571844123	-2.369725347431371	-0.1924539316421112	2.32449523375984	-0.2160494870684812	-0.2919871323875138	-3.5447588248466912
-2.1928609562495147	1.823872152332516	-0.0713347984829975	2.569416139182007	-0.4472055894682383	-2.464884326662248	0.3011481940113989	0.4101762632009698
1.9890080099836425	3.090512260441145	-3.322533633026723	-1.4756025949414375	-1.0374768767406268	-1.8512405596446595	0.5177009784923918	-1.0900011149583375
4.391140818556282	2.092725471145106	-0.6932091026628473	-1.4062349186942684	2.8749452716357538	0.5784173726049782	-0.4741494952042379	-0.443234728814334
NA	NA	NA	NA	NA	NA	NA	NA
-3.386591833964894	0.0325400551930056	-3.094375928151639	0.7731623602152184	-0.2741468906324308	1.216715477362304	-0.1853684769798827	-0.0559970623542013
4.1520710396790586	4.407785696493139	0.3391179126113997	-3.844742787335508	-0.8190670823446028	1.116756136820115	1.4489894948939863	-0.1672118628018402
-0.4400785493624363	-2.8225108400284467	2.065285544872295	0.5929996656552119	1.1309549489914814	0.3471258402310654	-0.974918697546571	0.990164948074669
-0.3973113501268373	2.1746929535194353	1.217390619351596	0.1916388684383613	-0.6858417282333815	-0.0912051002777992	0.2905148969364339	-1.1514324614582128
-0.4226525665098007	1.1779549804390927	-0.7956938298553657	-2.0765456063976653	0.0187664400618925	-1.051920809149759	-3.3316546680722325	0.5385533732983867
-0.6235325286218992	-1.2892263548664662	-0.6655584820412292	0.6759061525778285	-1.917926964701504	-1.976590403420132	-0.7434991730939465	-0.7119448410908893
0.0566851041008513	3.674759758447263	-2.5604446966594434	-0.9001360747084836	0.9485080654207432	-1.3200990899672056	-0.311616610722752	-1.5790507515584131
0.7610411898955743	1.757406458943692	1.0116108305711304	0.3922512202905006	-1.009327654452136	-0.9473180613160116	1.5982186206889992	2.0689948714736075
5.908310684907279	-2.166684298499033	1.1767628149544305	1.027140626437956	2.174138842148409	1.9059609250299137	0.4913035388556502	-1.059102932852464
2.4063877500940283	2.860776900031552	0.1056750153862262	-1.7768130221527554	0.683588595526758	0.8909378151674879	-0.3867519244638119	-2.267492731257366
-2.917362170133671	3.2304820044038385	-0.4994547302627099	-0.6041072556072519	-0.7888910567987044	-1.8763602398997277	0.368716860279638	-1.0413342269964834
-4.573741257974411	3.9455969879603994	-2.29192374022868	1.1472945027715993	-0.3605424808506295	-2.945948146112574	-5.260257436781831	-1.7483758094602582
-3.939366955518824	-1.763619638326039	-2.697639736652365	0.6684059992610584	-0.2874187500148535	1.2003545237502486	1.2168976645903276	-0.8365043934669025
-0.9557572851507324	0.4902048774345177	0.5315854250819015	2.942801337156317	1.436138657331925	1.3784862274920937	-0.2391402303915719	0.0933357925541508
-1.219773132639515	-1.9028268246653264	1.0256949835688522	1.5969963160708016	-0.6445560513798747	-0.1064987080506944	0.159654117734719	-1.6970613456845838
-0.2681226792249934	0.2590513947265031	1.9554902849769829	1.75847069179176	-2.552798687497065	-0.594066600643522	0.0807893627550001	0.4672738271551604
NA	NA	NA	NA	NA	NA	NA	NA
NA	NA	NA	NA	NA	NA	NA	NA
1.8626256707194653	0.974205550100663	-0.3443220145557804	1.321750056351453	-0.0857675596482702	-0.5630067231220981	-0.7626594271444023	2.936031899046025
-2.7618491817206987	-1.2226377681778904	-2.469922243073184	-1.367698471475438	-1.0759036458787663	1.1962668622961825	0.443809125025923	0.9493821227723384
2.1500165930303368	3.527504199575795	-2.2910206293137736	-1.4476347915357524	-0.0645475551507953	-2.664246959400682	1.336252737151456	-0.7713474667777075
0.9119174956255562	-0.0846586628400442	-1.6786539665503295	1.5261468301100836	0.2651279370238448	-0.3351476989597418	-1.937906315201659	2.0805883617227763
-1.1843262402037724	-3.1444888325622116	-1.601732490528137	-1.4235161338867712	-0.103645784885794	1.61337484875174	-0.5656668912883768	-0.0738642029561149
-2.744688709201944	-1.094780598594056	-2.2338162127078043	-2.427370212758891	-1.5299015083014742	1.6640286799425676	-0.5249837256492105	2.0554829704508717
NA	NA	NA	NA	NA	NA	NA	NA
-1.4276540184936837	-1.616707033365652	-2.2078925928124744	0.2261100803299773	0.343171250099291	1.0746080241140352	-0.7946874038031561	-0.5513353888719605
-3.1996776430487395	-0.7563776486356056	-1.180746970906518	-2.9650142981547414	0.3531054247220478	2.264809896422506	-0.8625406001788799	1.1937861858402448
-3.823619562448506	-0.3115074581037952	-3.740088192366468	1.793995181386332	-0.638540505275847	0.2400324980119615	-0.3187586715097387	-1.2217880762340811
NA	NA	NA	NA	NA	NA	NA	NA
-3.367613707784311	-0.1066148337255427	-1.5329423875532542	-0.6007529501120709	-0.7345062452889932	1.7354028191230717	0.0142409754411431	-0.5314131908525355
1.2165352445382434	0.2268482923512292	0.2712445210354785	-0.2615160167051555	1.1382966852539158	-0.6675341218950078	0.518867408655581	-0.1073288044007146
-4.246725135456947	-1.9636541956449816	-1.5479302194353044	-1.6964933216879248	-1.2526954835427373	0.9057626255290352	-0.0187950434676002	0.4777274601492172
3.032009424067314	2.151322795162382	-2.877460806570367	-0.6984419937013645	-1.295102857341499	-1.1546367809123206	-0.3979204144046145	0.171410618645057
-0.1585860919853056	0.2962158702447603	-0.974809487202318	0.0005663360626466	0.3611916468164164	-0.1516905536119973	0.3959550147838018	-0.4934849753609703
0.6145538588234041	-0.5526086898262652	0.7719369115263347	1.522882154594174	-0.1331482514171981	1.8520632407280764	-0.3305835329461171	-0.1655994223700736
-0.0920166303186079	-0.3586212710511965	-1.403194608602197	-0.5006054928829171	-0.6442110670706243	1.7554111078707075	1.0040967817564197	0.0495218817366953
1.105748464566046	0.2045794808223799	-1.032918702100792	-0.99005814350097	-0.3178560331742287	2.4839473724359244	-0.3145653059433455	0.1972551602106279
1.5253781607812482	4.559205240175493	-2.551518486498256	2.949300977940604	-2.881332787550041	-1.2730876449026591	-1.0021826013691433	1.3596274952115424
-3.042577083245233	-0.4946729569227314	-0.7342734750178606	-1.0159490822649715	0.8690513049879834	1.2142243394616778	0.778990260689063	-0.9265776031623142
0.7630315008702852	0.1243096587170745	1.5053805291143445	0.2992160624153847	2.3612227497479505	1.3244084050122973	-1.6473873125205707	1.171256697434757
1.9022975598306997	1.9370941535681905	-2.4294955977419974	0.8133018068091075	-0.5487238708826243	-2.063534544248885	-2.0035623531803153	2.1493796301889714
NA	NA	NA	NA	NA	NA	NA	NA
-0.2137009696212255	-0.6677772859766753	1.5956337355829309	0.149712606744394	1.2729309763346162	2.5113828069942667	-0.7288370104393268	-0.1534935278202047
0.3369651282036932	-3.768493759507225	0.1663760121480891	1.8728052425228776	1.6522339113262003	2.427126221941899	2.3814882766770404	-1.155042131844814
-0.4238909457114214	0.5777383504644039	3.812787606386499	-0.1167303655365631	-1.537061964899374	0.5155546790412877	1.848648992432261	-0.64002969331436
1.0508792616515992	-2.3529779880747825	2.2259454785386033	0.5331770661614521	-1.3245593767008648	-1.7264995770867333	-0.3715199567044183	-2.6048325497403293
-1.2176172181950842	3.8964002138499017	-0.3212414273488926	0.7039585962818634	-0.7264754402479668	-2.3223003859887257	-0.2963690012962502	0.3092865334367572
-0.6539199368360007	-0.8573375234500651	0.5785996374366152	-1.0802698526005363	-2.0251266618316524	-0.0061925899514591	0.0014908398066009	0.1099931342419246
-0.7619851601652389	-1.3409061752037734	4.646176781505366	-1.559949424688848	1.0593688766054508	0.1783155727047611	1.937821072607986	-1.6251121814455716
2.4916870957580937	-3.028256488170348	2.8444728751941875	0.2832781669369356	-1.311297898474236	1.7381892468997626	-1.2115040037340985	1.7847917108919666
3.742552229637852	-9.094182213621451	2.954616791823114	-1.162134367509888	-1.1815282602194923	-0.4734661742051999	-0.3332173831877451	-2.104437637944154
2.1900930097926548	-5.01929733341393	1.1548475188000829	-2.0695037660897166	-1.149797081319368	-2.1769468632832916	-0.1735839704129922	-2.651807991762672
0.570138016048062	-0.0874295608082297	-0.4714645450083217	2.161098864045707	2.510028981098732	-0.5147759892938675	-1.4242295767557105	0.0986621106060629
-1.0695350749392258	2.749401343342255	0.0773347399118499	0.7804187159182895	-1.852303183852987	-0.9535187676341148	0.3505061559685681	1.0646615546472844
1.394804151305689	0.8914301676588516	-1.0323187971771868	0.9105533688165868	0.3516878333147697	-0.5854888552206228	-0.1035111707803073	0.8357809641320888
-3.14212317194003	0.3369062366208165	-2.338498919072047	1.0131409677081198	-1.7206690182673574	2.2156761264990443	-1.0397025643962006	-0.4109257239574074
-1.1819645755454866	-0.7789680952379907	0.8996482893247583	-0.54773396181106	-1.892487698992075	-1.6127760608626511	-2.5878762380369973	0.3930047463258679
-5.452297402020707	2.7020875479796516	1.0160689760631751	2.7882194364940647	-0.0648198598376895	-0.2730358524084754	-2.827506886413901	-1.7841409956810563
1.4576427343779594	0.685929441137803	3.3079354202369142	-0.7742631200552542	-0.1255151964140018	1.2052897504044415	0.6575602739404116	1.0604962124297936
0.0802692152621888	1.9987519527295377	-0.0568258087353963	0.7380265078151257	-0.0303557737631665	0.6587408585159991	0.754546149039373	-0.7995586838581868
-1.3342706885875442	-0.3591342813160499	3.1485326404535416	-0.420870997294887	-1.7512833201637454	1.7963178195061154	-2.236226569263542	-2.737522084596973
3.391041276401991	4.114957622618852	1.729051603557749	1.8130778266317071	2.471587526726158	2.2790843931969373	-0.3427143538051058	0.6942377921414449
0.6105974087247016	3.895107569828736	1.496035766946321	0.2453853141146065	-3.4588871697983636	-0.309473701697788	-2.3606434024695995	-1.296141859437762
5.095737888889113	0.671168779566767	1.4763281556007088	1.9602152479975803	-0.3929631429150988	-0.0048286325031699	-0.4107228940643918	-0.0685076046980283
3.9904688332299334	0.8841196087690405	-0.8237308274481819	-0.0424945802752662	2.8961922759716243	-0.550318652731555	-2.1276916425168197	3.371942058546813
NA	NA	NA	NA	NA	NA	NA	NA
-1.841665209036927	1.038789957523875	3.140961699934873	-1.6728491246142656	-0.5003934531396533	0.0038846020584035	-0.0264274833491858	0.4808819520374615
3.671196845253548	1.545455887556434	0.0645678610557591	3.2462082723486527	-1.603029030999626	0.2996305653885716	1.173661149841704	0.781404066586538
1.79529648612385	0.3019784070343976	1.0523136163341924	1.881460193595879	-2.570374434080035	0.0898304641294657	-0.0407488365114058	-0.9498154514710262
-2.0380205450397346	-0.2816947939401765	-1.0804158830734858	-0.171572362279754	0.0924210918211246	1.3336028018429895	0.2185815434380376	0.5080063697031639
2.703435468266582	0.1534474768427439	1.6716370722736793	1.8990416881837056	-2.0571273935464656	0.2533261302216851	0.3386227044590509	0.0253676251417173
4.284728846492521	0.2113037128770301	1.2743446760074637	-1.2775168235232943	-3.0352174767160403	0.6998316831517151	-1.5465701182404747	1.79121463160243
0.2336210801568363	4.625818842908349	-0.6030574578682469	-1.5068445745158316	-2.2132072989883618	-0.0948549820373851	-1.8192065556285428	-0.9255164722902828
3.952845643849255	2.3430919111446205	-0.1714693913096018	-2.935639999279073	1.5453428239155929	0.9745236141583978	0.2507187366990608	-2.364650664605716
-1.408161950646821	-2.4673570486320435	-0.7479603803293452	1.4999128609797778	-1.6920618375364205	-1.3612629632789877	-0.3060500228810129	0.8063025319212829
2.114730449570501	-1.111533141522035	0.6540368567019959	0.7626267223820242	0.0101883683502656	-0.7346119895961761	0.7856877468660105	0.2894250977747077
0.3259305183344795	0.1296357354148219	1.3320010280828287	-1.5844000298390275	1.053072254055426	0.5168682256256526	-1.447139515919902	-0.2525405979579991
-0.6428044280810035	-2.536508500445505	-2.5125038968255056	-1.6638822777814732	-4.048175863360905	-2.471207675244883	3.256798095387773	0.2397219792886008
-1.829905728237372	-1.0853516573615618	1.0308034549071552	4.034300743594772	0.9306603113029572	-1.4198313936663038	0.3657190758712436	0.9544078182676016
2.0420606143702633	-3.246861504932189	-0.2497361439567036	1.255639454230039	-1.1254565078838898	-0.8394200530692577	-2.1478479467285903	0.7352714690812422
-3.748166356367923	-0.5285973648197919	-0.9089500116919532	-0.6535713946783233	-1.1196627971631103	2.057710182292565	-0.5526514447071652	0.4421498874674511
-1.443229283198787	-0.1833139707215027	-1.9015424601899709	0.4044919690755992	0.5774514734442769	0.7593830648781996	-0.4330203670941759	0.5432990485304763
2.291636866999802	1.9439785199322408	-2.5962597378690644	2.5738033217524148	-0.9698113003638296	-1.293438675764626	2.3962216061580697	2.1845971058289684
0.7064063738109164	0.6802361625208417	-2.8741552333934473	-0.1017098395534444	-4.172689471401488	-0.9580801798843886	0.304154340621285	0.8830937831925361
-0.2063365763424056	0.4078693167479989	-1.9886496772734217	1.9198038310433896	-1.393711285278903	0.7896947616378648	-2.870344199121994	2.5075388690817406
0.5903905077628984	0.574854028822043	-0.7569648552314296	-0.7347652787468996	-1.3885528332000423	1.0569843888320851	-4.439373089371482	0.6981709481713044
-5.010592743035049	-0.2633069963534857	0.834259408490112	-0.6340781897466629	3.858240813203045	0.0682960585708955	1.430998538615285	-0.0887925857487993
1.929213039533865	3.672140916129042	-0.0734410725992359	1.6591606178333276	-0.7944572036233939	-0.8667302288440127	-0.3916358996501478	-0.6244220727830676
-1.216980697705897	-1.9312274111074637	1.1981367246869576	0.5768382342886659	-1.8220577034222665	-1.1180535899000843	0.4608366679187781	-1.2135797659745389
-1.6235399957342482	-2.570982866971778	-1.6427315922529508	-0.4413010713869515	-0.6071804175753271	0.9272746125939716	-0.5607203274771144	-0.3217040679734945
0.2227099332266487	-1.1282469114101843	2.352864212401649	2.728522739240938	-3.2148750265255255	-0.47047917946007	-0.0352574556204768	-1.3720705398865516
-0.0009362047599818	3.0350286443029537	-0.7853493689476936	2.108535414268494	0.538967334287494	-2.322191283549736	0.2742993935529806	0.4484316744286858
-1.5378247457853835	-0.3419950253909075	-3.0481336266565986	2.8775648220529497	2.25051796558809	-2.45342461431824	0.976827737312288	0.0418192023736027
-1.908549749716482	-0.3748320109549008	2.9095076746677293	-0.1491425350606124	2.8245062777986347	-1.9087423626469309	-0.7825470290752784	0.3213464864298826
0.8694510086740757	-0.2673242397033488	3.035515752556675	0.8702592627954242	3.281566835027793	-1.206930417658017	-2.0083241010459587	0.4601521641471317
-0.1059596483615302	0.2197550215394236	2.48556297044944	-1.2028591125145665	-2.6516177094228257	0.6807334841195448	-2.2635391073735023	-0.543557855112627
-0.9056546913668876	0.2018316454435856	-0.137001218814224	0.4972623324377795	-0.4619223951892192	-1.6253230604533635	-0.669128086091289	1.1181809157555365
-3.0791438033161387	-1.7865981933485546	-2.836991150273316	-2.1286975180472645	-1.3608843475172037	0.479577042515387	-0.9898970798078996	-0.7010556349747741
0.857471607795278	-1.1582286100998072	0.838071582067341	1.1099766414291017	1.6368121802297173	0.8268545343057268	-0.3569242087416405	0.3220775350610967
1.086997727200833	2.033416703631338	-2.0649267719745215	1.775924358973559	-1.9753257134238056	-1.573005260616667	-1.700859460451346	-0.1693412102941647
-2.024115987516074	0.6872199673478314	2.1999953166139834	0.2238033075537452	2.187174449431023	-0.9842321371424247	0.2788145764763422	0.6516851348891485
-0.356941164641359	0.1930845965898569	-0.3144301761888023	2.2735063588609954	0.9011800928671364	-0.4606309302260035	-0.8340140263153467	-0.609303056961165
2.0069299037142296	3.793574965616779	-1.456351691527603	-1.1632960387788127	1.2453814705716924	-1.8844647816085616	0.4693704514606334	-0.8973690805037686
2.0963231901812387	0.563167738512624	-0.3601236924004637	-0.7096380802740069	1.7021067975437334	-0.2534276294899183	1.7346176962153834	-2.1694417278283096
-3.216561379555322	-1.2172664598514211	-1.470293999822453	1.406622275426539	1.635175631021677	-2.163743950175381	0.6531849467178756	-0.6319523482276788
-3.6189287694005863	-0.4070346063863149	3.140421839846576	1.8010578572857785	2.6657981958344235	-1.2700667523654503	0.0046955172383404	-1.5372343105916155
-2.385399708794712	-1.179695425733604	0.1443111633715964	2.1217098421214735	0.8409955800549421	1.947404573280336	0.8629215512643624	-0.6568486465165758
-2.8176796180329857	-0.3278479558920533	0.4967520191527393	0.5443950740969128	1.9579254688100105	0.3950223039423899	0.7521177643064565	0.1252936294719684
1.6739509472733642	2.997611629563708	2.3022840757985197	2.3221234973005256	-0.50041893581755	1.9948747685864945	1.1866712536573767	1.331788680585395
-3.6390589043382344	-2.3313830709047254	-0.4938762921515118	0.9080199303785312	-2.052467014182306	-1.0645738427581413	1.9539248463355856	0.4112556804361676
2.350566664250582	-0.1072242854539939	-1.2397054431525112	2.81632595846729	0.9109220169845506	-1.5268786118699311	-0.2391459236629428	0.3936647743174719
-2.484490302510524	-1.0567270968337763	-0.4996952295871776	0.3321611434281612	1.925978185879868	0.2944920106217538	-0.1926897778190043	-0.4576429448900529
-0.9653427180179524	-0.7460573758056159	-0.184287479716324	-0.4464191252783827	0.1282777262783105	0.0809548576210072	-0.6860626318657563	1.9170813358172745
-2.9800728256472655	-1.656433834577598	-0.0918107047844016	-2.4484529978449765	-0.1351644793460134	-0.8152601930228637	-0.3661355771072313	1.738751040919844
-4.135859823241529	-2.036024598095635	-1.6951101996037314	-1.572336710836443	2.1100184208974913	-1.2847251253899077	-1.332486895056356	0.1297169598340269
-3.7402722016465217	-1.0328732193386898	3.120835508420724	-0.192755427904622	2.886352630519113	-2.388701946233374	1.5397284708564576	0.2639934540563596
0.0939872761277892	4.816331447663469	-1.9908526603312136	-0.2645636566418135	0.2111593062878574	-0.3513592847449807	1.3657037781927366	0.6149289964347007
-0.3099354904455363	1.656195101360484	-1.028814497775563	1.5946757304816366	-0.7785448716803646	-1.3416912302975008	1.0235810686413809	-0.059792952091774
-3.192572629807339	-0.8568910134223454	-1.8845437242073824	-0.5090244275070219	0.522512077718684	1.6317579914114864	1.1353083480854846	0.0801403680076788
-1.7849679907007006	-0.8495061168079951	-1.9837810863229803	-0.5748458782663457	0.0958134027134883	1.6108126587002924	0.2314752651941474	1.5758261037865329
-1.1765301839686635	-0.2004426773359447	-2.0001527614782297	-0.2239237544327899	-1.1742121191159631	0.30821895426488	-0.892930791106526	0.0565290445677755
-2.533885547989237	-1.2693021535295432	-1.6955939583103294	-0.7086798376449667	-0.9411852608059974	1.874334206039296	-0.1482324757226514	0.6131371252884529
-2.1657885936697157	0.5225562551589957	-1.8420839671333464	1.5724816268765758	1.2480177119538904	1.0803002581770955	-0.1715493016951813	-0.0834895587838975
-3.2056172087310784	-1.525191923746238	-1.8948201237184223	0.2466889860738368	0.7152938932161276	1.2119996463414389	0.4801302481831324	-0.8498111771117653
-3.933134998796594	1.9452455776844044	3.5006136353526056	-0.4250965142031175	-1.3717090684424642	1.6089274027348326	3.81504995975974	1.9356893757514624
-5.906064256977654	-0.8061032664946047	-2.071831982396115	-0.842699985844993	-0.4121702907869882	1.3667569429483166	1.2357951870849424	-0.4864300415836612
-3.082552469708602	-2.416610090417763	-1.4527659357580505	-0.1416941423348809	-0.4453014439687936	1.5172485394764434	-0.5137387337706927	-1.7015851765320815
-0.0276314940956385	2.03027103837617	2.2277127964206973	1.0229280358574435	-1.280275310337626	2.0070573082749035	1.5702003006744172	1.373540926001787
-1.507666535947857	0.6026012052091679	-2.4056870112306874	0.0598314455966461	1.9818332285690432	1.1194210024076523	0.3512256891526004	0.3378369616189952
-1.9705503901911632	-2.188411636419772	-1.4323042453180816	-1.297743568336693	1.885174384446293	0.626765630897593	0.2031983972866546	1.151892320509586
-3.2265749806882993	-1.3167920469340777	-1.5014098897841544	-0.5455327721857866	0.0922750607908959	1.9681415105428215	-0.1995486412957013	0.0410134948755763
-4.861539086952876	-0.955254164477218	-2.960912071147033	-0.1168712742549692	-1.8321562228002437	-1.0855888069553696	1.2053322952098655	0.0563019110021564
-3.579664955028126	0.0456520718952264	-1.2819231354588585	0.5480780501408963	-0.0418241883677977	1.2011755405740925	1.3213037973946415	0.6471379896468852
-0.0328378787470452	-1.0930290301494354	-2.388334511664222	-1.1069930149111813	1.65534430634355	0.9505818672455584	0.0245659887618921	1.9354339645116052
-4.704335883158237	-0.6637230679463043	-2.045118348725901	-0.1512382100444039	-0.4591347218904501	0.5168894955596964	1.0180920574836003	-0.2537468660540976
2.8141378509315813	-0.6941470762230288	-0.9029549513052209	0.243743513316001	3.085070416024008	-0.708531228947322	-0.8387067734255165	3.095197744869827
-3.4865043377944693	-1.424685518528291	-1.9223521256762528	-0.6382888013178842	-0.0103051631839328	0.7023394690498589	0.7472060515357267	-0.9530462864194076
1.766863994677035	0.9292308213883126	-1.1921835807768653	-1.1434478613601982	1.0266747604640716	-1.470523896184682	2.0273814934289263	0.1197852887378333
-4.629383762243001	-0.2616096509323005	-0.9175759620374536	-0.5521548368186548	-0.7836979485947251	1.539219723155508	0.6955275092283623	1.06622932390732
-0.2346048541333836	-1.2015635878209383	-0.0768581885949873	2.937976336047366	1.0924195298464867	1.2729783178569394	-0.6573635550404768	0.3537007965289935
2.790648749109122	-2.7939403536802203	0.7044401422758129	0.5071959571116178	-0.198197251046152	3.17396111388321	-0.7796076891538244	0.4791530046076785
2.250818031050718	-0.9407188215500164	2.5936466251834793	0.2007278944075196	-1.0112783723215295	0.497871358798257	-1.157970560441538	-1.4111950011385528
-2.5108947708487084	-0.3026739568968205	-1.4855568012135767	-0.0313398233855127	1.4517027374192957	0.7371582074162588	-0.0443873967418609	-0.2632998439083789
1.87714560986973	-3.525807436837818	-3.2255945460231064	-0.9334002855875786	-0.4244376239092046	0.810659668551433	-1.170755976666208	-0.2480601297175379
4.110945507425887	0.9234767731153118	0.270184951748103	-2.2434246459172753	0.4589361477060912	-1.2520103682781996	0.5003572497709021	0.9798128775260416
-2.59259525047754	3.371501574976908	1.4314136574591632	1.4813786648546343	-0.8642714191292351	1.9991579518411735	0.907338768666618	-2.6038927519982185
3.0395816580411945	-0.9715763242977612	-2.7734182694643157	-2.1456711231487855	-1.144210516699813	1.627478250980421	-0.2608215327773875	1.734588362230018
2.219657367527808	-1.064046958847943	-1.0555484843210483	0.2524479266734006	0.5111231014541641	1.3912126310896489	2.3458822059580897	0.7070661119451779
0.681152973597151	1.5966337775743633	1.3054473947799707	-3.142404499878978	0.119508750006631	-1.346494408481733	-0.8975492492425665	1.4719603859431498
0.247925877287651	0.7826354990765124	2.5917543319135956	1.6655079785710805	-0.4835027909308787	0.2205700124294045	2.399573051078664	0.3450965679345271
0.7285348129095975	-2.1692159627508483	-0.8952634110759018	1.0437351201705245	0.6780400250184107	1.2916855337587188	0.0852662137583297	0.6293155813555438
1.7795182064824524	-2.8483611984029618	-1.6833381872285798	3.6199293132914887	2.2772765732032907	1.534932030711741	-1.7973734897600502	-1.1546840852563072
1.0586364031027764	1.0279382180565824	-0.9699261834898284	-0.223629190630739	0.1710092843007467	2.3808226337644367	-1.3943505873934696	-0.2059408871761146
1.114954298192968	-0.0338825233920555	-2.031716527864948	3.272097058519535	-2.1900980786840565	-0.1026189316799909	-1.552385801080148	0.3189956657244768
3.340091956645892	0.4326684274655631	-2.871267301880276	4.2056869959273175	-0.880477814387556	1.8942202830702657	0.8658204787867337	-0.685320409136075
1.489554985016931	3.2658631891391954	1.874173752824452	2.0578854753094604	-0.058200254226231	1.21106979129336	-0.4312561445852066	0.0551272385668201
-3.3875274729150107	0.0988799693785368	-2.1711989505268723	0.553382670300627	1.269335023541814	0.8011433537420326	0.4094673980283803	0.4894891987071648
-5.956847996486112	1.3090579141293557	3.608698773523914	-2.4765008997481064	-0.614010462303001	-0.988594156755142	-1.060403923481451	-0.398842944073798
0.5179753241808128	-1.0727721608065688	-2.122556264566669	-0.4596400767108206	1.9743053784637377	0.3000171125602606	-2.0289986503587367	1.7521900220138498
6.037011957679529	-1.973154329804126	-2.0604194103531257	0.0266857455887828	-0.2992137978635836	-1.1836572408708317	1.0000125410962315	2.182356358916594
0.4240814736089457	-1.0148895530262032	2.245683800328804	0.4531863564685922	-2.5595898300583912	1.1727365422034643	1.031268044974487	0.7761822325481743
2.449159835345601	1.889964884472488	1.0655914182905246	-0.5863833899969401	-1.7991724676494538	-0.0137641394083422	-2.022898803254369	0.9495233038769116
-3.395228363056618	-1.6697773864562393	-1.9824816542390984	-2.0923511211015944	-0.6522219881160757	-0.0568211109155271	0.0531628473806231	1.0681675053526631
1.370807110088184	-0.1838460047474951	-0.7125313446078474	-0.0808982164967228	-1.084118520788156	1.2694227883450493	0.051635395418276	0.6268150372318609
-0.1169404327904703	-0.7481153459374141	1.379616753896263	-0.9633669501828902	-0.7084556820067267	-1.292664615333286	0.0778951679086092	-0.7716517179131424
-2.7417824418595735	2.3943495939488812	2.896199334699406	-0.6400489067784318	-2.6175782003776726	0.0282774538158249	-2.516653447343537	-2.713101127913028
-1.3475788817914924	0.957604086803028	1.755182540384831	0.5341245605895597	-0.9271234645160408	0.1628191736294272	-1.2715773059252695	-1.3847472847569202
-2.145528837586856	0.2741752376134949	3.0763066443820866	-0.2905085181522803	-0.7204357150385529	0.718522463597632	-1.1303083225163568	-1.3930784324850574
3.979903755638642	-1.287610846460571	0.1811610988373197	3.710047432651157	0.7211976829929266	1.934932542151265	0.8849389692725245	-0.2389482963165164
1.9170593334001649	-0.0464545007234656	1.308669399078778	-1.429732556597236	0.4732310101887426	0.4479767218656171	0.3721708980177082	0.1313995482024734
-0.2115127118343956	2.563849169132829	2.880927961690104	0.5274080121810568	-2.304645368892577	0.1933375754611565	0.8880518253607655	0.4226032490143966
2.1392189117819513	-0.2811719687636843	2.289496088198568	0.7226711210049988	-1.0413068613349343	1.7269457002555044	0.6588438352624844	-0.253778661474315
-0.628366535748893	-0.6896122645484077	-1.3444286692304117	0.635215301351568	2.2250251606156577	0.0303473496271674	-0.3976001082986396	0.6684445491862016
5.428535626928766	-6.347623543456092	1.3269490076902593	-2.053236650256082	-1.850721996712201	-1.611561581138732	0.1534175320907584	-0.9469623654751402
2.987869420172806	-6.722345805508664	0.3025507272698666	-1.5528449972177285	0.4690656046609852	-3.4873122709286375	0.7234653630437716	-3.659743375120023
2.0782359922309386	-0.0557595852124929	1.9985591855907825	-0.4011390840920658	-3.350860546955962	0.1775424612235287	0.0846350470130966	0.9723102636340626
-4.176655372677114	4.884186134165046	1.771494843108382	-1.4591157608513514	0.4525463477468212	-3.7439882856162057	-0.6647969769108479	0.2002792311720589
3.0837015284411207	0.1586193539539725	-1.3285993183725266	-4.863944504301704	-0.2759280921698131	0.2863446015152467	1.5597038608353364	-1.7759486101540785
3.9842808276456863	0.6072344104332837	3.687735210006261	0.5641857599066572	-1.3808783649472054	0.4691139830009779	-1.6716079520930094	-0.1588856769040493
0.9734154694755928	1.0582111282919464	1.0279535041585857	-0.5780427996265649	0.086450747851261	-1.25739608441401	0.3571020931273568	0.6961709902017846
2.7693543291388885	-0.0614141345459508	0.9242731505450466	0.728633527774613	1.226851407441058	2.3657093054577567	1.0418527799402648	0.8227762873754229
-1.8561707034530488	2.7232905872068667	3.198284871037502	-0.3088637136843065	-1.9287356571146583	0.7044106385540232	1.521070881325247	-0.6787774657543273
-0.2416257636941914	0.0490336938208568	-1.1524065776490675	-3.2441880445305795	-0.9921061353966376	0.8015916313912399	0.6464331039693261	2.088496152102996
1.60896189592723	-6.230816879812476	3.8856287187224408	1.1649639750868257	0.2536361144092925	-0.2113646051643993	-0.6154943316058691	1.4881596970260642
-2.511477557450545	-1.808692980455099	1.4862831258693443	-0.0122474510028854	-0.6869226098984406	-1.4598549875889877	-1.185713952101806	1.8676858427119856
-2.1004162154484067	2.2187135118879406	4.2775036941479705	-0.597608351931386	-0.4106875755530055	-3.6846348525967585	2.5557161659341743	0.1438125277629818
-0.0365427778824523	-0.7266164464130145	-0.496865135525071	-1.7542419426658804	0.923457881476845	-2.2356690701521913	1.4229122707304829	1.4267349368506403
-1.930289471586872	-0.3101450844952518	1.3059559579541582	-0.5737052552970082	1.3110770456906755	-0.4852597621664415	0.4095803325867603	1.7341082722092456
-4.112223531991613	-0.4667204027229173	0.2195474276515209	-0.8516433161195728	0.4529361690735256	-0.99364480243605	0.8576170265943462	-0.6852696964338332
-1.4774375697778006	1.2986699556978865	-2.3701740676191676	0.5989230898468046	-0.2147202623434901	0.320801693058121	-0.6714814120555523	0.6676940200369673
-1.95916499985165	0.6093797552871835	4.318915111159307	2.197701889950238	0.0700443262234627	0.2078939291099765	-1.839755271814331	0.8170922336585266
3.78785339675167	0.3363629218470448	-1.067075334606903	1.0242226050904395	-1.2919941841457003	-0.6577867743243	0.0058333034137256	-1.01961586641492
-1.817731942245767	-0.9422389617124728	-0.773286861781952	-0.522947416370656	-0.3126143608827501	1.8584668072503616	0.4133796157369773	0.7665682106308618
0.5034726821724141	-3.485534414984524	1.6293654133866085	1.1973498394169009	-0.2413258721526963	-0.0595022244999381	1.1083997863221788	-1.3790185285973278
-4.4010190675037935	2.011836442976258	0.977508565976788	0.431086673625303	2.439808869523469	-0.1718511207025524	-2.140423084698711	-0.6206540042323777
0.3255830340439498	-2.380248037084688	3.02465931645576	2.2585870132062813	-2.005906504391372	-0.0456039090864498	1.0911950401313757	-0.0040567892429406
0.8000595670551244	-3.707519473797178	5.246886248919172	1.535021621000925	-1.3087665257839556	1.155985701242474	-0.480473417490023	0.8324113646964827
0.2090044962050244	0.7497501372481771	3.2017030700227065	1.3896328258584028	-2.848702045922333	0.3834566781146248	2.1153002182849745	0.5033554796607626
3.824960499423056	-0.4987000202617406	-0.1696665504927226	0.3089010404498599	-0.219862601734686	0.3644815158051572	2.7208898168075493	0.4886138889763547
0.6967431282528429	0.3898484025334096	-1.8120416454091408	2.6088872448771956	1.8928809981721948	0.1924809986879668	0.8331865501570691	0.9946124883413952
3.6018178506368304	4.661378651583275	1.4564620847358716	-2.157933656256717	-0.4824974905469995	3.2263448069097356	-1.0169437006930853	-1.9499858152485328
5.508915229688573	0.6884719723851362	-2.3939018516843773	-1.515162534842752	-1.535200624153227	-1.2306612830393802	0.5894939269858915	1.52736307175234
2.888362688769702	-0.5408712535869092	-1.0805861709747422	3.723275082499167	1.2719832664270496	-0.1293234541338152	3.658793496194984	0.5050254613454309
-1.8158349517526151	-0.4243398109514996	4.049251717390883	1.2554595190638849	-2.0000555086823164	0.1335278742824782	0.7792940232695359	0.5905239169238009
6.927700347939203	-3.093854177134126	0.0560172129650568	-0.2771719281412976	-0.2244955248831375	2.0598741746409273	-1.2767078484857874	1.1230149174390187
4.740149291819693	0.9445428171775628	-3.776660838802983	-3.1763942375473295	2.0500195559809384	1.485751716861938	-0.8154482508667198	-0.9442518075617916
1.979098773769853	1.3947961106048945	-1.0141466956609668	-2.356348775504908	0.0859478038501134	-0.2913127449393041	1.1822474192660737	-0.97458089558321
0.8725812455713019	-0.8357474042580559	-2.2877385799281877	1.6269942769925283	-0.501559556005065	0.1508262738108771	-1.3344724391375946	-1.4159568168519228
3.5949381772203712	1.5510889286804177	0.7910129230115659	-2.5829614339581983	3.953542338991581	1.2776988618715317	-0.1280543223928321	-1.9957845468442976
2.972343870201416	-0.1294534761204712	0.0506837111537182	3.211926852207645	-0.3315423715293283	0.6334547417825775	1.036187492856487	-1.9372930630958416
-1.7900947049882214	-0.8854956866651877	-0.328181075370774	-1.415101655527749	-0.2622303678204928	0.4930223935171354	-2.46785121766214	-0.6171883067692093
3.242477313426822	-0.1798207149214759	-3.5785690425536263	-0.2703591500110164	-1.4197093971606356	-0.8242659979868185	-0.2603819468089021	-0.7746079972290455
-1.6130915417786278	1.197976321338736	3.404963348133573	0.9164406801701034	-2.3454839596413053	1.5362308300123533	0.1947471205881815	-0.8153149610337157
